topics: [ 'test-topic' ]
partitioning_params:
  algorithm: [ 'BroMin', 'BroMax' ]
  T: 6.4e+7
  L: 0.2
  U: 2
  Tp: 8.34e+6
  Tc: 8.182177358490567e+6
  Hmax: 16384
  lr: 5.204066543438078e-3
  u: 6.71e-2
  c: 200
  r: 4
  B: 20
